9991	9997	1405
9997	9991	1405
9979	9987	1854
9987	9979	1854
9963	9992	1445
9992	9963	1445
9943	9999	1880
9999	9943	1880
9941	9958	1898
9958	9941	1898
9934	9948	1317
9948	9934	1317
9929	9963	1649
9963	9929	1649
9929	9992	0389
9992	9929	0389
9912	9980	1251
9980	9912	1251
9898	9991	1674
9991	9898	1674
9898	9997	0474
9997	9898	0474
9895	9975	1662
9975	9895	1662
9888	9955	0657
9955	9888	0657
9886	9891	1873
9891	9886	1873
9883	9905	1615
9905	9883	1615
9879	9951	1657
9951	9879	1657
9879	9960	1503
9960	9879	1503
9854	9909	1650
9909	9854	1650
9846	9849	1235
9849	9846	1235
9840	9848	1745
9848	9840	1745
9834	9989	1293
9989	9834	1293
9833	9986	0305
9986	9833	0305
9829	9851	1919
9851	9829	1919
9826	9912	0217
9912	9826	0217
9826	9980	1412
9980	9826	1412
9824	9852	1539
9852	9824	1539
9820	9974	1083
9974	9820	1083
9813	9881	1417
9881	9813	1417
9811	9927	0696
9927	9811	0696
9805	9914	1142
9914	9805	1142
9805	9998	1509
9998	9805	1509
9802	9850	0559
9850	9802	0559
9791	9797	1327
9797	9791	1327
9789	9864	1197
9864	9789	1197
9787	9977	1730
9977	9787	1730
9784	9843	1486
9843	9784	1486
9781	9816	0915
9816	9781	0915
9776	9974	1958
9974	9776	1958
9774	9930	1163
9930	9774	1163
9770	9821	1508
9821	9770	1508
9769	9784	1763
9784	9769	1763
9764	9885	1449
9885	9764	1449
9763	9847	1431
9847	9763	1431
9760	9791	1800
9791	9760	1800
9758	9772	1310
9772	9758	1310
9756	9916	1780
9916	9756	1780
9753	9942	1926
9942	9753	1926
9751	9859	0761
9859	9751	0761
9743	9786	1126
9786	9743	1126
9742	9837	0882
9837	9742	0882
9738	9862	0358
9862	9738	0358
9726	9932	1984
9932	9726	1984
9724	9808	0697
9808	9724	0697
9723	9764	1645
9764	9723	1645
9722	9978	1041
9978	9722	1041
9718	9777	1966
9777	9718	1966
9714	9726	1752
9726	9714	1752
9712	9899	1575
9899	9712	1575
9706	9807	1703
9807	9706	1703
9705	9964	0785
9964	9705	0785
9700	9922	1960
9922	9700	1960
9699	9981	1087
9981	9699	1087
9698	9924	0863
9924	9698	0863
9695	9954	1426
9954	9695	1426
9691	9953	1503
9953	9691	1503
9687	9765	1132
9765	9687	1132
9675	9875	0809
9875	9675	0809
9670	9748	1540
9748	9670	1540
9670	9884	1382
9884	9670	1382
9669	9984	1894
9984	9669	1894
9667	9809	1678
9809	9667	1678
9660	9929	1681
9929	9660	1681
9660	9992	1399
9992	9660	1399
9659	9801	0656
9801	9659	0656
9657	9917	0860
9917	9657	0860
9654	9850	1967
9850	9654	1967
9651	9771	1652
9771	9651	1652
9649	9670	0355
9670	9649	0355
9649	9748	1882
9748	9649	1882
9649	9884	1212
9884	9649	1212
9648	9866	1250
9866	9648	1250
9643	9949	1492
9949	9643	1492
9636	9770	1936
9770	9636	1936
9630	9751	1243
9751	9630	1243
9630	9859	1989
9859	9630	1989
9628	9938	0567
9938	9628	0567
9627	9662	1509
9662	9627	1509
9626	9749	0755
9749	9626	0755
9625	9856	1846
9856	9625	1846
9623	9635	1286
9635	9623	1286
9621	9643	1185
9643	9621	1185
9621	9949	1416
9949	9621	1416
9618	9858	1698
9858	9618	1698
9618	9877	0632
9877	9618	0632
9617	9770	0796
9770	9617	0796
9617	9821	1036
9821	9617	1036
9616	9702	0411
9702	9616	0411
9615	9879	1854
9879	9615	1854
9612	9720	0735
9720	9612	0735
9609	9618	1978
9618	9609	1978
9609	9874	1693
9874	9609	1693
9606	9699	1597
9699	9606	1597
9606	9981	1160
9981	9606	1160
9604	9753	1616
9753	9604	1616
9604	9942	1129
9942	9604	1129
9603	9930	1329
9930	9603	1329
9601	9646	1086
9646	9601	1086
9600	9692	1536
9692	9600	1536
9597	9607	1551
9607	9597	1551
9597	9687	1847
9687	9597	1847
9593	9827	0986
9827	9593	0986
9593	9950	1875
9950	9593	1875
9592	9775	1522
9775	9592	1522
9591	9668	0569
9668	9591	0569
9588	9601	1762
9601	9588	1762
9588	9646	1567
9646	9588	1567
9587	9690	1584
9690	9587	1584
9581	9582	1807
9582	9581	1807
9579	9860	1753
9860	9579	1753
9578	9757	1473
9757	9578	1473
9573	9918	1925
9918	9573	1925
9572	9590	1199
9590	9572	1199
9571	9750	1154
9750	9571	1154
9571	9779	1377
9779	9571	1377
9568	9640	1843
9640	9568	1843
9567	9721	1634
9721	9567	1634
9567	9756	0975
9756	9567	0975
9567	9916	1195
9916	9567	1195
9564	9627	0196
9627	9564	0196
9564	9662	1530
9662	9564	1530
9562	9844	0147
9844	9562	0147
9560	9746	1441
9746	9560	1441
9556	9991	1044
9991	9556	1044
9556	9997	1730
9997	9556	1730
9548	9645	1606
9645	9548	1606
9547	9888	1332
9888	9547	1332
9547	9955	1415
9955	9547	1415
9546	9821	1868
9821	9546	1868
9545	9944	1098
9944	9545	1098
9544	9683	1460
9683	9544	1460
9542	9898	1720
9898	9542	1720
9542	9997	1693
9997	9542	1693
9541	9754	1643
9754	9541	1643
9540	9615	1828
9615	9540	1828
9540	9879	1634
9879	9540	1634
9540	9951	1289
9951	9540	1289
9539	9630	1728
9630	9539	1728
9538	9973	1309
9973	9538	1309
9533	9745	0399
9745	9533	0399
9529	9780	0564
9780	9529	0564
9528	9838	0927
9838	9528	0927
9523	9613	0408
9613	9523	0408
9520	9585	1479
9585	9520	1479
9519	9767	1135
9767	9519	1135
9516	9888	1484
9888	9516	1484
9516	9955	1204
9955	9516	1204
9514	9795	1303
9795	9514	1303
9513	9941	1994
9941	9513	1994
9513	9958	0299
9958	9513	0299
9504	9967	0973
9967	9504	0973
9503	9591	1473
9591	9503	1473
9503	9668	1377
9668	9503	1377
9496	9705	1619
9705	9496	1619
9496	9964	0934
9964	9496	0934
9494	9853	1147
9853	9494	1147
9493	9553	1180
9553	9493	1180
9492	9510	1793
9510	9492	1793
9491	9814	0742
9814	9491	0742
9490	9715	0262
9715	9490	0262
9488	9899	1908
9899	9488	1908
9485	9498	0886
9498	9485	0886
9484	9684	1559
9684	9484	1559
9483	9986	1998
9986	9483	1998
9482	9744	1567
9744	9482	1567
9480	9782	1891
9782	9480	1891
9478	9839	0374
9839	9478	0374
9477	9824	1834
9824	9477	1834
9474	9557	1700
9557	9474	1700
9473	9819	0632
9819	9473	0632
9467	9675	1890
9675	9467	1890
9466	9500	0966
9500	9466	0966
9465	9954	1919
9954	9465	1919
9463	9558	1809
9558	9463	1809
9463	9785	1791
9785	9463	1791
9460	9897	1640
9897	9460	1640
9458	9923	1999
9923	9458	1999
9457	9725	1762
9725	9457	1762
9456	9685	0217
9685	9456	0217
9454	9575	1229
9575	9454	1229
9453	9807	0830
9807	9453	0830
9452	9994	1440
9994	9452	1440
9450	9574	1551
9574	9450	1551
9445	9626	0660
9626	9445	0660
9445	9749	1334
9749	9445	1334
9443	9532	0415
9532	9443	0415
9441	9537	1832
9537	9441	1832
9439	9746	1460
9746	9439	1460
9438	9493	1740
9493	9438	1740
9438	9553	1546
9553	9438	1546
9437	9748	1854
9748	9437	1854
9437	9884	1712
9884	9437	1712
9433	9591	1945
9591	9433	1945
9433	9668	1903
9668	9433	1903
9430	9886	1582
9886	9430	1582
9430	9891	0961
9891	9430	0961
9429	9564	0972
9564	9429	0972
9429	9627	1129
9627	9429	1129
9429	9755	1114
9755	9429	1114
9428	9468	0781
9468	9428	0781
9428	9470	1786
9470	9428	1786
9426	9809	1565
9809	9426	1565
9425	9457	1777
9457	9425	1777
9424	9810	1125
9810	9424	1125
9423	9513	1344
9513	9423	1344
9423	9941	1533
9941	9423	1533
9423	9958	1062
9958	9423	1062
9422	9782	1106
9782	9422	1106
9418	9689	0136
9689	9418	0136
9417	9740	1140
9740	9417	1140
9414	9987	1306
9987	9414	1306
9413	9712	1664
9712	9413	1664
9413	9731	1927
9731	9413	1927
9410	9718	0974
9718	9410	0974
9410	9923	1684
9923	9410	1684
9409	9419	1465
9419	9409	1465
9408	9982	1864
9982	9408	1864
9406	9790	0820
9790	9406	0820
9403	9550	1868
9550	9403	1868
9401	9794	1981
9794	9401	1981
9400	9512	0594
9512	9400	0594
9400	9854	1483
9854	9400	1483
9399	9778	1195
9778	9399	1195
9396	9568	1356
9568	9396	1356
9396	9638	0655
9638	9396	0655
9394	9663	1258
9663	9394	1258
9389	9471	1006
9471	9389	1006
9388	9785	1419
9785	9388	1419
9387	9421	1131
9421	9387	1131
9387	9441	1819
9441	9387	1819
9387	9537	1879
9537	9387	1879
9386	9496	1606
9496	9386	1606
9386	9705	0161
9705	9386	0161
9386	9964	0721
9964	9386	0721
9385	9569	1037
9569	9385	1037
9380	9558	1909
9558	9380	1909
9378	9945	1666
9945	9378	1666
9376	9464	1398
9464	9376	1398
9373	9559	1304
9559	9373	1304
9370	9497	1676
9497	9370	1676
9367	9612	1611
9612	9367	1611
9366	9654	1461
9654	9366	1461
9366	9802	1276
9802	9366	1276
9366	9850	1493
9850	9366	1493
9365	9599	0641
9599	9365	0641
9364	9665	0714
9665	9364	0714
9362	9790	1795
9790	9362	1795
9361	9519	1619
9519	9361	1619
9360	9586	1453
9586	9360	1453
9359	9639	1518
9639	9359	1518
9352	9976	1213
9976	9352	1213
9350	9836	0826
9836	9350	0826
9348	9666	1559
9666	9348	1559
9348	9799	1227
9799	9348	1227
9347	9758	1147
9758	9347	1147
9347	9772	1323
9772	9347	1323
9346	9404	0680
9404	9346	0680
9345	9507	1577
9507	9345	1577
9345	9568	1093
9568	9345	1093
9345	9640	1741
9640	9345	1741
9344	9465	0973
9465	9344	0973
9344	9954	1510
9954	9344	1510
9342	9669	0653
9669	9342	0653
9342	9984	1802
9984	9342	1802
9340	9687	1829
9687	9340	1829
9340	9765	0795
9765	9340	0795
9338	9943	1688
9943	9338	1688
9338	9999	0375
9999	9338	0375
9337	9544	1946
9544	9337	1946
9337	9683	1223
9683	9337	1223
9337	9688	1042
9688	9337	1042
9336	9479	1471
9479	9336	1471
9335	9915	1493
9915	9335	1493
9330	9486	0037
9486	9330	0037
9327	9651	0662
9651	9327	0662
9327	9771	1587
9771	9327	1587
9326	9552	1668
9552	9326	1668
9323	9924	1551
9924	9323	1551
9319	9610	1853
9610	9319	1853
9318	9747	1883
9747	9318	1883
9317	9588	1378
9588	9317	1378
9315	9427	0500
9427	9315	0500
9314	9373	1112
9373	9314	1112
9314	9559	1394
9559	9314	1394
9313	9469	1230
9469	9313	1230
9311	9579	0990
9579	9311	0990
9311	9788	1961
9788	9311	1961
9310	9373	1577
9373	9310	1577
9309	9694	1615
9694	9309	1615
9309	9858	1896
9858	9309	1896
9308	9605	1822
9605	9308	1822
9307	9962	1800
9962	9307	1800
9306	9372	1194
9372	9306	1194
9305	9428	0134
9428	9305	0134
9305	9468	0666
9468	9305	0666
9305	9470	1786
9470	9305	1786
9304	9843	0781
9843	9304	0781
9301	9505	1321
9505	9301	1321
9301	9681	1796
9681	9301	1796
9298	9473	1555
9473	9298	1555
9298	9819	0957
9819	9298	0957
9297	9800	1759
9800	9297	1759
9294	9604	0562
9604	9294	0562
9294	9753	1549
9753	9294	1549
9294	9942	1669
9942	9294	1669
9293	9723	1788
9723	9293	1788
9293	9764	0521
9764	9293	0521
9293	9885	1858
9885	9293	1858
9292	9554	0660
9554	9292	0660
9290	9691	1806
9691	9290	1806
9290	9707	1432
9707	9290	1432
9289	9913	1960
9913	9289	1960
9288	9644	1614
9644	9288	1614
9287	9417	1743
9417	9287	1743
9287	9740	1369
9740	9287	1369
9286	9947	1654
9947	9286	1654
9285	9431	0921
9431	9285	0921
9284	9863	1379
9863	9284	1379
9283	9677	1077
9677	9283	1077
9282	9389	1203
9389	9282	1203
9282	9471	1842
9471	9282	1842
9278	9343	1496
9343	9278	1496
9277	9489	0392
9489	9277	0392
9275	9401	1303
9401	9275	1303
9274	9284	1237
9284	9274	1237
9274	9863	0173
9863	9274	0173
9273	9818	1612
9818	9273	1612
9272	9835	1233
9835	9272	1233
9271	9335	1106
9335	9271	1106
9271	9915	0580
9915	9271	0580
9270	9666	0763
9666	9270	0763
9266	9277	1622
9277	9266	1622
9266	9489	1923
9489	9266	1923
9266	9677	1576
9677	9266	1576
9263	9706	1024
9706	9263	1024
9262	9578	1737
9578	9262	1737
9262	9696	0980
9696	9262	0980
9259	9795	0908
9795	9259	0908
9255	9471	1237
9471	9255	1237
9253	9293	1846
9293	9253	1846
9253	9506	1535
9506	9253	1535
9252	9447	0673
9447	9252	0673
9250	9453	1849
9453	9250	1849
9250	9807	1701
9807	9250	1701
9249	9434	1896
9434	9249	1896
9249	9934	1363
9934	9249	1363
9249	9948	0749
9948	9249	0749
9248	9775	1625
9775	9248	1625
9247	9250	0872
9250	9247	0872
9247	9807	1653
9807	9247	1653
9245	9339	1459
9339	9245	1459
9245	9849	1104
9849	9245	1104
9244	9376	0658
9376	9244	0658
9244	9464	1776
9464	9244	1776
9243	9760	0871
9760	9243	0871
9238	9397	1016
9397	9238	1016
9237	9546	1976
9546	9237	1976
9237	9617	1988
9617	9237	1988
9237	9961	1580
9961	9237	1580
9235	9750	1882
9750	9235	1882
9234	9437	0727
9437	9234	0727
9234	9670	1957
9670	9234	1957
9234	9748	1186
9748	9234	1186
9234	9884	1985
9884	9234	1985
9233	9598	1810
9598	9233	1810
9232	9416	1222
9416	9232	1222
9231	9709	1634
9709	9231	1634
9230	9340	1607
9340	9230	1607
9230	9457	1682
9457	9230	1682
9225	9907	0794
9907	9225	0794
9222	9366	1055
9366	9222	1055
9222	9654	1376
9654	9222	1376
9218	9313	1535
9313	9218	1535
9218	9368	1069
9368	9218	1069
9218	9469	1612
9469	9218	1612
9215	9579	1865
9579	9215	1865
9215	9860	1356
9860	9215	1356
9212	9959	0942
9959	9212	0942
9211	9984	1584
9984	9211	1584
9210	9622	1220
9622	9210	1220
9209	9424	1990
9424	9209	1990
9207	9250	1701
9250	9207	1701
9206	9307	1646
9307	9206	1646
9205	9704	1347
9704	9205	1347
9204	9524	0822
9524	9204	0822
9202	9306	1544
9306	9202	1544
9202	9372	1469
9372	9202	1469
9201	9272	1914
9272	9201	1914
9199	9709	1726
9709	9199	1726
9197	9249	1289
9249	9197	1289
9197	9434	1790
9434	9197	1790
9197	9948	1045
9948	9197	1045
9196	9940	0950
9940	9196	0950
9195	9351	1068
9351	9195	1068
9194	9342	1261
9342	9194	1261
9194	9669	1889
9669	9194	1889
9194	9984	1869
9984	9194	1869
9193	9322	1535
9322	9193	1535
9192	9594	0880
9594	9192	0880
9191	9481	1911
9481	9191	1911
9191	9876	0726
9876	9191	0726
9190	9402	1906
9402	9190	1906
9190	9901	0537
9901	9190	0537
9189	9345	1369
9345	9189	1369
9189	9507	1892
9507	9189	1892
9189	9568	1202
9568	9189	1202
9188	9961	1174
9961	9188	1174
9186	9996	1813
9996	9186	1813
9181	9482	1437
9482	9181	1437
9180	9557	1952
9557	9180	1952
9179	9946	1691
9946	9179	1691
9178	9261	0576
9261	9178	0576
9175	9309	1503
9309	9175	1503
9174	9714	0957
9714	9174	0957
9173	9703	1892
9703	9173	1892
9173	9934	1553
9934	9173	1553
9172	9492	1802
9492	9172	1802
9172	9510	1547
9510	9172	1547
9171	9796	0812
9796	9171	0812
9168	9686	1124
9686	9168	1124
9167	9503	1751
9503	9167	1751
9167	9591	1276
9591	9167	1276
9167	9668	1784
9668	9167	1784
9166	9278	0308
9278	9166	0308
9166	9343	1363
9343	9166	1363
9165	9369	0906
9369	9165	0906
9164	9413	1973
9413	9164	1973
9164	9712	0636
9712	9164	0636
9164	9899	0939
9899	9164	0939
9163	9259	1501
9259	9163	1501
9161	9387	1140
9387	9161	1140
9161	9537	1200
9537	9161	1200
9159	9722	1690
9722	9159	1690
9155	9869	1576
9869	9155	1576
9154	9415	1664
9415	9154	1664
9154	9682	1012
9682	9154	1012
9153	9758	1537
9758	9153	1537
9153	9772	1503
9772	9153	1503
9152	9968	0389
9968	9152	0389
9151	9291	0894
9291	9151	0894
9150	9628	1525
9628	9150	1525
9150	9871	1566
9871	9150	1566
9150	9938	1270
9938	9150	1270
9149	9328	1285
9328	9149	1285
9146	9157	0594
9157	9146	0594
9144	9879	1694
9879	9144	1694
9144	9960	0553
9960	9144	0553
9143	9422	1100
9422	9143	1100
9142	9882	1252
9882	9142	1252
9141	9639	0649
9639	9141	0649
9141	9851	1849
9851	9141	1849
9138	9195	1813
9195	9138	1813
9138	9351	1236
9351	9138	1236
9137	9280	1898
9280	9137	1898
9136	9191	1043
9191	9136	1043
9136	9481	1706
9481	9136	1706
9136	9876	0485
9876	9136	0485
9134	9871	1273
9871	9134	1273
9133	9883	1720
9883	9133	1720
9132	9873	0946
9873	9132	0946
9131	9918	1830
9918	9131	1830
9130	9427	1597
9427	9130	1597
9128	9925	0743
9925	9128	0743
9127	9267	0688
9267	9127	0688
9126	9551	1712
9551	9126	1712
9125	9235	0891
9235	9125	0891
9125	9750	1289
9750	9125	1289
9124	9420	1846
9420	9124	1846
9121	9226	0209
9226	9121	0209
9120	9551	1873
9551	9120	1873
9119	9357	0852
9357	9119	0852
9118	9173	1464
9173	9118	1464
9118	9197	1864
9197	9118	1864
9118	9934	1806
9934	9118	1806
9118	9948	1296
9948	9118	1296
9116	9444	0531
9444	9116	0531
9115	9224	1921
9224	9115	1921
9113	9713	1831
9713	9113	1831
9112	9730	1276
9730	9112	1276
9111	9388	1716
9388	9111	1716
9104	9339	1559
9339	9104	1559
9103	9719	1179
9719	9103	1179
9102	9384	1045
9384	9102	1045
9101	9527	1903
9527	9101	1903
9101	9704	1289
9704	9101	1289
9100	9126	1423
9126	9100	1423
9100	9551	1285
9551	9100	1285
9100	9857	1692
9857	9100	1692
9099	9571	1867
9571	9099	1867
9099	9750	1979
9750	9099	1979
9098	9208	1533
9208	9098	1533
9097	9265	0438
9265	9097	0438
9095	9661	1684
9661	9095	1684
9095	9676	1025
9676	9095	1025
9094	9192	0427
9192	9094	0427
9094	9594	0537
9594	9094	0537
9092	9817	0826
9817	9092	0826
9090	9726	1931
9726	9090	1931
9089	9179	1438
9179	9089	1438
9089	9619	1609
9619	9089	1609
9089	9946	0939
9946	9089	0939
9088	9508	1585
9508	9088	1585
9087	9981	1494
9981	9087	1494
9086	9921	1163
9921	9086	1163
9082	9811	0446
9811	9082	0446
9082	9927	0881
9927	9082	0881
9081	9287	1640
9287	9081	1640
9081	9417	0448
9417	9081	0448
9081	9740	1425
9740	9081	1425
9080	9769	1223
9769	9080	1223
9080	9784	1114
9784	9080	1114
9079	9797	0888
9797	9079	0888
9078	9710	1940
9710	9078	1940
9077	9890	1516
9890	9077	1516
9074	9806	1714
9806	9074	1714
9071	9480	1693
9480	9071	1693
9070	9075	0566
9075	9070	0566
9070	9365	1976
9365	9070	1976
9070	9599	1461
9599	9070	1461
9069	9552	1671
9552	9069	1671
9069	9570	1111
9570	9069	1111
9068	9524	1232
9524	9068	1232
9068	9543	1350
9543	9068	1350
9067	9392	1518
9392	9067	1518
9067	9963	1348
9963	9067	1348
9065	9609	0439
9609	9065	0439
9065	9874	1284
9874	9065	1284
9063	9393	0842
9393	9063	0842
9062	9664	1662
9664	9062	1662
9062	9667	1582
9667	9062	1582
9061	9742	0955
9742	9061	0955
9061	9837	0529
9837	9061	0529
9060	9063	1575
9063	9060	1575
9060	9393	0918
9393	9060	0918
9058	9188	1420
9188	9058	1420
9056	9394	1407
9394	9056	1407
9056	9663	0194
9663	9056	0194
9055	9234	1157
9234	9055	1157
9055	9437	1713
9437	9055	1713
9055	9748	1504
9748	9055	1504
9053	9551	1608
9551	9053	1608
9052	9655	1847
9655	9052	1847
9051	9295	1922
9295	9051	1922
9051	9380	1398
9380	9051	1398
9050	9095	0255
9095	9050	0255
9050	9661	1874
9661	9050	1874
9050	9676	0909
9676	9050	0909
9048	9443	0461
9443	9048	0461
9048	9532	0838
9532	9048	0838
9047	9070	1579
9070	9047	1579
9047	9365	0807
9365	9047	0807
9047	9599	0291
9599	9047	0291
9046	9683	1819
9683	9046	1819
9045	9072	1287
9072	9045	1287
9043	9271	0748
9271	9043	0748
9043	9335	1830
9335	9043	1830
9043	9915	0479
9915	9043	0479
9042	9073	0416
9073	9042	0416
9042	9729	1921
9729	9042	1921
9040	9737	0932
9737	9040	0932
9038	9536	1220
9536	9038	1220
9036	9856	1529
9856	9036	1529
9034	9455	1469
9455	9034	1469
9034	9513	1862
9513	9034	1862
9033	9086	1651
9086	9033	1651
9033	9921	1936
9921	9033	1936
9032	9700	1386
9700	9032	1386
9032	9922	1299
9922	9032	1299
9030	9437	1613
9437	9030	1613
9028	9502	1673
9502	9028	1673
9028	9727	1667
9727	9028	1667
9027	9295	1970
9295	9027	1970
9026	9634	1850
9634	9026	1850
9025	9722	1967
9722	9025	1967
9025	9978	1226
9978	9025	1226
9024	9274	1947
9274	9024	1947
9024	9284	1547
9284	9024	1547
9023	9133	1166
9133	9023	1166
9022	9826	1116
9826	9022	1116
9022	9912	1299
9912	9022	1299
9020	9322	1900
9322	9020	1900
9015	9805	1242
9805	9015	1242
9015	9914	0130
9914	9015	0130
9013	9439	1584
9439	9013	1584
9012	9158	0897
9158	9012	0897
9011	9624	0832
9624	9011	0832
9009	9066	0839
9066	9009	0839
9009	9443	1816
9443	9009	1816
9009	9532	1513
9532	9009	1513
9008	9377	0685
9377	9008	0685
9005	9724	1068
9724	9005	1068
9005	9808	1765
9808	9005	1765
9004	9102	1285
9102	9004	1285
9004	9467	1562
9467	9004	1562
9004	9823	1078
9823	9004	1078
9002	9276	0177
9276	9002	0177
9001	9161	1830
9161	9001	1830
9001	9387	1602
9387	9001	1602
9001	9421	1997
9421	9001	1997
9	9166	1425
9166	9	1425
9	9278	1526
9278	9	1526
8998	9140	1944
9140	8998	1944
8998	9928	0658
9928	8998	0658
8997	9621	1549
9621	8997	1549
8997	9643	1165
9643	8997	1165
8997	9949	0559
9949	8997	0559
8995	9076	1613
9076	8995	1613
8994	9221	1856
9221	8994	1856
8994	9614	0405
9614	8994	0405
8993	9052	1704
9052	8993	1704
8993	9655	1191
9655	8993	1191
8992	9001	1063
9001	8992	1063
8992	9161	0859
9161	8992	0859
8992	9387	1302
9387	8992	1302
8991	9153	0870
9153	8991	0870
8991	9772	1790
9772	8991	1790
8989	9163	1223
9163	8989	1223
8989	9259	1397
9259	8989	1397
8989	9795	1646
9795	8989	1646
8987	9436	1686
9436	8987	1686
8986	9247	1328
9247	8986	1328
8986	9694	1671
9694	8986	1671
8985	9287	0843
9287	8985	0843
8985	9740	1712
9740	8985	1712
8983	9761	1441
9761	8983	1441
8982	9227	1369
9227	8982	1369
8981	9032	1876
9032	8981	1876
8981	9242	1812
9242	8981	1812
8981	9922	1133
9922	8981	1133
8980	9338	1252
9338	8980	1252
8980	9943	1124
9943	8980	1124
8980	9999	1202
9999	8980	1202
8979	9331	1563
9331	8979	1563
8977	9363	1565
9363	8977	1565
8976	9034	0521
9034	8976	0521
8976	9455	1658
9455	8976	1658
8974	9027	1029
9027	8974	1029
8974	9051	1233
9051	8974	1233
8971	9843	1732
9843	8971	1732
8969	9993	1510
9993	8969	1510
8967	9448	0812
9448	8967	0812
8965	8984	1249
8984	8965	1249
8965	9030	1735
9030	8965	1735
8965	9055	1751
9055	8965	1751
8965	9234	1780
9234	8965	1780
8965	9437	1548
9437	8965	1548
8964	9334	1801
9334	8964	1801
8963	9125	1873
9125	8963	1873
8963	9235	0984
9235	8963	0984
8963	9296	1588
9296	8963	1588
8962	9546	1552
9546	8962	1552
8962	9617	1112
9617	8962	1112
8962	9770	1711
9770	8962	1711
8962	9821	0319
9821	8962	0319
8960	9139	1353
9139	8960	1353
8959	8993	0846
8993	8959	0846
8959	9052	1219
9052	8959	1219
8959	9655	1766
9655	8959	1766
8958	9269	0534
9269	8958	0534
8956	8994	0451
8994	8956	0451
8956	9221	1560
9221	8956	1560
8956	9614	0804
9614	8956	0804
8954	9254	0949
9254	8954	0949
8953	9835	1705
9835	8953	1705
8952	9812	1658
9812	8952	1658
8951	9552	0780
9552	8951	0780
8951	9867	1701
9867	8951	1701
8950	9141	1748
9141	8950	1748
8950	9359	1458
9359	8950	1458
8950	9476	1325
9476	8950	1325
8950	9639	1522
9639	8950	1522
8949	9465	1410
9465	8949	1410
8949	9965	1426
9965	8949	1426
8948	9361	0868
9361	8948	0868
8948	9519	1810
9519	8948	1810
8948	9854	1980
9854	8948	1980
8947	9007	1823
9007	8947	1823
8947	9299	1033
9299	8947	1033
8946	9112	1810
9112	8946	1810
8946	9708	1654
9708	8946	1654
8945	9710	1931
9710	8945	1931
8944	9793	1900
9793	8944	1900
8943	9183	1377
9183	8943	1377
8941	8975	1835
8975	8941	1835
8941	9042	1355
9042	8941	1355
8941	9073	1768
9073	8941	1768
8941	9729	1494
9729	8941	1494
8940	9141	1954
9141	8940	1954
8940	9359	1297
9359	8940	1297
8940	9639	1364
9639	8940	1364
8939	8984	1873
8984	8939	1873
8939	9055	0850
9055	8939	0850
8937	9109	0656
9109	8937	0656
8936	9652	0673
9652	8936	0673
8934	9510	1924
9510	8934	1924
8933	8970	0715
8970	8933	0715
8933	9399	1745
9399	8933	1745
8932	8957	1046
8957	8932	1046
8931	8974	1021
8974	8931	1021
8931	9027	0023
9027	8931	0023
8931	9295	1948
9295	8931	1948
8929	9833	1192
9833	8929	1192
8929	9986	1444
9986	8929	1444
8926	9285	1117
9285	8926	1117
8925	9289	1148
9289	8925	1148
8923	9530	0385
9530	8923	0385
8922	9763	1619
9763	8922	1619
8922	9847	0387
9847	8922	0387
8921	9020	1882
9020	8921	1882
8920	9104	0880
9104	8920	0880
8920	9339	0849
9339	8920	0849
8919	9576	1707
9576	8919	1707
8919	9577	1560
9577	8919	1560
8918	8920	1971
8920	8918	1971
8918	9245	1664
9245	8918	1664
8918	9339	1212
9339	8918	1212
8918	9526	1922
9526	8918	1922
8915	9085	0701
9085	8915	0701
8914	9209	1953
9209	8914	1953
8914	9424	1278
9424	8914	1278
8913	9310	1384
9310	8913	1384
8913	9373	1548
9373	8913	1548
8912	9511	1864
9511	8912	1864
8911	9121	1471
9121	8911	1471
8911	9226	1272
9226	8911	1272
8911	9405	1580
9405	8911	1580
8908	9065	1960
9065	8908	1960
8908	9874	0925
9874	8908	0925
8907	9160	1291
9160	8907	1291
8905	9175	1666
9175	8905	1666
8904	9717	1587
9717	8904	1587
8903	9014	1884
9014	8903	1884
8903	9316	1003
9316	8903	1003
8903	9836	1799
9836	8903	1799
8902	9074	0995
9074	8902	0995
8902	9800	1497
9800	8902	1497
8901	9302	0075
9302	8901	0075
8900	9415	1610
9415	8900	1610
8899	9237	0396
9237	8899	0396
8899	9961	1419
9961	8899	1419
8898	9118	1946
9118	8898	1946
8897	8961	0301
8961	8897	0301
8895	9649	1879
9649	8895	1879
8895	9670	1563
9670	8895	1563
8895	9748	1247
9748	8895	1247
8893	9018	1097
9018	8893	1097
8892	9186	1604
9186	8892	1604
8892	9996	0223
9996	8892	0223
8891	9637	0628
9637	8891	0628
8891	9977	1465
9977	8891	1465
8887	9104	1632
9104	8887	1632
8886	9561	1416
9561	8886	1416
8885	9640	1001
9640	8885	1001
8884	9793	1095
9793	8884	1095
8882	9008	1721
9008	8882	1721
8882	9377	1669
9377	8882	1669
8882	9840	1763
9840	8882	1763
8881	9078	0610
9078	8881	0610
8880	9053	1859
9053	8880	1859
8880	9870	1328
9870	8880	1328
8878	9988	1970
9988	8878	1970
8877	9360	0725
9360	8877	0725
8877	9586	0732
9586	8877	0732
8876	9541	1642
9541	8876	1642
8876	9754	1653
9754	8876	1653
8875	9939	1610
9939	8875	1610
8874	9499	1187
9499	8874	1187
8873	9539	1539
9539	8873	1539
8873	9967	1768
9967	8873	1768
8872	9335	1606
9335	8872	1606
8870	9260	1350
9260	8870	1350
8868	9006	1405
9006	8868	1405
8865	8942	1670
8942	8865	1670
8865	9200	1604
9200	8865	1604
8863	9205	1819
9205	8863	1819
8863	9533	1256
9533	8863	1256
8863	9745	0946
9745	8863	0946
8862	9031	1708
9031	8862	1708
8862	9466	1796
9466	8862	1796
8862	9500	1275
9500	8862	1275
8860	9411	0689
9411	8860	0689
8859	9544	1676
9544	8859	1676
8858	9980	1936
9980	8858	1936
8857	9162	1224
9162	8857	1224
8856	9387	1792
9387	8856	1792
8856	9421	1146
9421	8856	1146
8856	9441	1538
9441	8856	1538
8855	9878	1126
9878	8855	1126
8852	9449	1477
9449	8852	1477
8851	9007	1338
9007	8851	1338
8851	9183	1736
9183	8851	1736
8850	9574	1681
9574	8850	1681
8850	9900	0918
9900	8850	0918
8849	9521	1683
9521	8849	1683
8847	9672	1350
9672	8847	1350
8846	9098	1056
9098	8846	1056
8846	9208	0549
9208	8846	0549
8845	9753	1670
9753	8845	1670
8845	9763	0695
9763	8845	0695
8844	9125	1270
9125	8844	1270
8844	9235	1417
9235	8844	1417
8843	9872	0641
9872	8843	0641
8839	8925	0212
8925	8839	0212
8839	9289	1184
9289	8839	1184
8838	9202	0897
9202	8838	0897
8838	9306	1061
9306	8838	1061
8838	9372	1702
9372	8838	1702
8837	9059	0261
9059	8837	0261
8836	9127	1591
9127	8836	1591
8836	9267	0956
9267	8836	0956
8835	9015	0717
9015	8835	0717
8835	9805	1439
9805	8835	1439
8835	9914	0803
9914	8835	0803
8834	9129	0322
9129	8834	0322
8833	9282	1208
9282	8833	1208
8833	9756	1871
9756	8833	1871
8832	9484	1803
9484	8832	1803
8831	9148	1392
9148	8831	1392
8831	9674	0955
9674	8831	0955
8830	9848	1697
9848	8830	1697
8829	9375	1827
9375	8829	1827
8824	9386	1471
9386	8824	1471
8824	9705	1309
9705	8824	1309
8824	9964	1808
9964	8824	1808
8824	9965	1496
9965	8824	1496
8821	9203	1724
9203	8821	1724
8820	9487	0393
9487	8820	0393
8819	8968	0655
8968	8819	0655
8818	9435	1670
9435	8818	1670
8817	9111	1560
9111	8817	1560
8815	8895	1181
8895	8815	1181
8815	9234	1481
9234	8815	1481
8815	9437	1917
9437	8815	1917
8815	9649	1050
9649	8815	1050
8815	9670	0704
9670	8815	0704
8815	9748	0837
9748	8815	0837
8815	9884	1751
9884	8815	1751
8814	9098	1541
9098	8814	1541
8814	9592	1462
9592	8814	1462
8813	8921	1347
8921	8813	1347
8813	9020	1322
9020	8813	1322
8813	9193	1638
9193	8813	1638
8812	8907	0657
8907	8812	0657
8812	9160	1284
9160	8812	1284
8812	9514	1714
9514	8812	1714
8811	9656	1160
9656	8811	1160
8810	9752	0415
9752	8810	0415
8809	9449	0819
9449	8809	0819
8808	8889	1559
8889	8808	1559
8808	8909	1326
8909	8808	1326
8808	9097	1961
9097	8808	1961
8807	9206	1791
9206	8807	1791
8806	9170	0902
9170	8806	0902
8805	9321	1042
9321	8805	1042
8805	9937	1383
9937	8805	1383
8804	8836	1847
8836	8804	1847
8804	9127	0301
9127	8804	0301
8804	9267	0905
9267	8804	0905
8802	8975	0746
8975	8802	0746
8801	9445	1424
9445	8801	1424
8801	9626	0816
9626	8801	0816
8801	9749	0131
9749	8801	0131
8800	9616	0852
9616	8800	0852
8800	9702	0873
9702	8800	0873
8798	8898	1028
8898	8798	1028
8798	9118	1745
9118	8798	1745
8797	8895	1992
8895	8797	1992
8796	8885	1678
8885	8796	1678
8796	9396	1662
9396	8796	1662
8796	9568	1908
9568	8796	1908
8796	9638	1790
9638	8796	1790
8796	9640	1550
9640	8796	1550
8795	9169	0539
9169	8795	0539
8794	8820	1097
8820	8794	1097
8794	9487	1394
9487	8794	1394
8793	9290	1766
9290	8793	1766
8793	9691	1025
9691	8793	1025
8793	9953	0490
9953	8793	0490
8791	9028	0218
9028	8791	0218
8791	9502	1773
9502	8791	1773
8791	9727	1873
9727	8791	1873
8790	8823	0286
8823	8790	0286
8789	9728	1472
9728	8789	1472
8788	9067	0677
9067	8788	0677
8788	9963	0868
9963	8788	0868
8787	9189	0707
9189	8787	0707
8787	9568	1849
9568	8787	1849
8784	8870	0802
8870	8784	0802
8784	9260	0549
9260	8784	0549
8783	8998	1252
8998	8783	1252
8783	9205	1446
9205	8783	1446
8783	9928	0627
9928	8783	0627
8782	9379	1069
9379	8782	1069
8780	9700	1526
9700	8780	1526
8778	9173	1570
9173	8778	1570
8778	9649	1919
9649	8778	1919
8778	9934	0837
9934	8778	0837
8777	9036	1584
9036	8777	1584
8777	9856	1994
9856	8777	1994
8774	8901	0971
8901	8774	0971
8774	9302	0956
9302	8774	0956
8773	8876	1834
8876	8773	1834
8771	9751	1851
9751	8771	1851
8771	9859	1370
9859	8771	1370
8770	9867	1945
9867	8770	1945
8769	8847	0368
8847	8769	0368
8769	9672	1119
9672	8769	1119
8768	9426	1690
9426	8768	1690
8766	8839	1175
8839	8766	1175
8766	8925	1144
8925	8766	1144
8766	9289	0032
9289	8766	0032
8766	9913	1950
9913	8766	1950
8765	9093	1277
9093	8765	1277
8765	9357	1697
9357	8765	1697
8763	9769	1707
9769	8763	1707
8762	9162	1704
9162	8762	1704
8762	9868	1657
9868	8762	1657
8761	9105	1099
9105	8761	1099
8758	9995	1315
9995	8758	1315
8757	9062	1177
9062	8757	1177
8757	9664	0722
9664	8757	0722
8755	9759	0720
9759	8755	0720
8754	8760	1763
8760	8754	1763
8754	9341	0658
9341	8754	0658
8753	8972	1865
8972	8753	1865
8752	9081	2
9081	8752	2
8752	9417	1563
9417	8752	1563
8752	9740	1657
9740	8752	1657
8752	9875	1431
9875	8752	1431
8751	9151	1220
9151	8751	1220
8751	9291	0631
9291	8751	0631
8751	9442	1536
9442	8751	1536
8749	8831	1176
8831	8749	1176
8749	9674	0960
9674	8749	0960
8747	8890	1174
8890	8747	1174
8746	9789	1476
9789	8746	1476
8745	9159	0553
9159	8745	0553
8744	8804	1800
8804	8744	1800
8744	8836	0054
8836	8744	0054
8744	9127	1546
9127	8744	1546
8744	9267	0906
9267	8744	0906
8743	8978	0872
8978	8743	0872
8740	8807	1868
8807	8740	1868
8738	9344	1135
9344	8738	1135
8738	9465	1473
9465	8738	1473
8738	9517	1993
9517	8738	1993
8737	8765	1066
8765	8737	1066
8737	9093	1604
9093	8737	1604
8737	9119	1566
9119	8737	1566
8737	9357	0718
9357	8737	0718
8736	9606	1101
9606	8736	1101
8736	9699	1512
9699	8736	1512
8736	9981	1829
9981	8736	1829
8735	9957	1451
9957	8735	1451
8734	8783	1900
8783	8734	1900
8734	8788	1488
8788	8734	1488
8734	8998	1250
8998	8734	1250
8734	9067	1221
9067	8734	1221
8734	9928	1373
9928	8734	1373
8733	9150	1439
9150	8733	1439
8733	9825	1186
9825	8733	1186
8732	9070	1827
9070	8732	1827
8732	9075	1261
9075	8732	1261
8731	9834	1408
9834	8731	1408
8729	9721	1199
9721	8729	1199
8728	8736	1607
8736	8728	1607
8728	9618	1146
9618	8728	1146
8728	9699	1151
9699	8728	1151
8728	9858	1771
9858	8728	1771
8728	9877	1319
9877	8728	1319
8727	9587	1376
9587	8727	1376
8726	9223	1294
9223	8726	1294
8725	8859	0766
8859	8725	0766
8725	9544	1073
9544	8725	1073
8724	9534	1130
9534	8724	1130
8722	9406	1501
9406	8722	1501
8722	9790	1991
9790	8722	1991
8722	9913	0775
9913	8722	0775
8721	9798	1860
9798	8721	1860
8720	8954	1317
8954	8720	1317
8720	9254	1690
9254	8720	1690
8720	9832	1581
9832	8720	1581
8719	8991	0758
8991	8719	0758
8719	9153	1616
9153	8719	1616
8718	9292	1921
9292	8718	1921
8718	9451	1845
9451	8718	1845
8718	9554	1716
9554	8718	1716
8715	8811	1712
8811	8715	1712
8714	9333	1212
9333	8714	1212
8712	9317	1732
9317	8712	1732
8712	9588	0366
9588	8712	0366
8712	9601	1766
9601	8712	1766
8712	9646	1345
9646	8712	1345
8711	8934	1454
8934	8711	1454
8711	9432	1388
9432	8711	1388
8710	9091	1091
9091	8710	1091
8709	9610	1553
9610	8709	1553
8708	9690	0869
9690	8708	0869
8707	9363	0945
9363	8707	0945
8706	8773	0877
8773	8706	0877
8704	8851	1790
8851	8704	1790
8703	8854	1712
8854	8703	1712
8702	8779	1169
8779	8702	1169
8701	9386	1978
9386	8701	1978
8701	9705	1929
9705	8701	1929
8700	8801	1810
8801	8700	1810
8700	9445	0428
9445	8700	0428
8700	9626	1006
9626	8700	1006
8700	9749	1731
9749	8700	1731
8699	9088	1883
9088	8699	1883
8699	9508	0644
9508	8699	0644
8696	8883	1897
8883	8696	1897
8695	8853	0973
8853	8695	0973
8694	8784	1595
8784	8694	1595
8694	8870	1943
8870	8694	1943
8694	8945	1807
8945	8694	1807
8694	9260	1589
9260	8694	1589
8692	8729	1588
8729	8692	1588
8692	9719	1377
9719	8692	1377
8691	8854	1775
8854	8691	1775
8690	9675	0940
9675	8690	0940
8690	9875	1492
9875	8690	1492
8689	9860	1451
9860	8689	1451
8687	9256	1544
9256	8687	1544
8686	8805	1998
8805	8686	1998
8686	9321	0960
9321	8686	0960
8686	9436	1962
9436	8686	1962
8685	9182	0771
9182	8685	0771
8684	9726	1901
9726	8684	1901
8683	9019	1898
9019	8683	1898
8682	9072	1807
9072	8682	1807
8681	8928	0711
8928	8681	0711
8681	9355	1970
9355	8681	1970
8681	9608	1526
9608	8681	1526
8680	8932	1345
8932	8680	1345
8680	8957	0299
8957	8680	0299
8679	9747	1792
9747	8679	1792
8679	9803	1164
9803	8679	1164
8678	8793	0795
8793	8678	0795
8678	9290	1789
9290	8678	1789
8678	9691	0236
9691	8678	0236
8678	9953	1269
9953	8678	1269
8677	9566	0136
9566	8677	0136
8676	8870	1650
8870	8676	1650
8674	9846	0402
9846	8674	0402
8674	9849	1320
9849	8674	1320
8673	9305	1088
9305	8673	1088
8673	9428	1021
9428	8673	1021
8673	9468	1259
9468	8673	1259
8671	8987	1423
8987	8671	1423
8671	9436	0369
9436	8671	0369
8670	9037	0834
9037	8670	0834
8669	9185	0743
9185	8669	0743
8669	9596	1615
9596	8669	1615
8668	9204	0761
9204	8668	0761
8668	9524	1529
9524	8668	1529
8667	8879	1748
8879	8667	1748
8667	9142	1251
9142	8667	1251
8666	8935	1254
8935	8666	1254
8665	9079	1603
9079	8665	1603
8665	9284	1814
9284	8665	1814
8664	9174	1433
9174	8664	1433
8664	9714	0569
9714	8664	0569
8663	8808	1065
8808	8663	1065
8663	8909	0885
8909	8663	0885
8662	9071	1664
9071	8662	1664
8662	9143	1474
9143	8662	1474
8662	9422	0868
9422	8662	0868
8662	9480	1749
9480	8662	1749
8662	9782	0874
9782	8662	0874
8660	9485	0567
9485	8660	0567
8660	9498	1345
9498	8660	1345
8658	8693	0750
8693	8658	0750
8657	8732	1873
8732	8657	1873
8657	9070	1145
9070	8657	1145
8657	9075	1115
9075	8657	1115
8657	9919	1072
9919	8657	1072
8656	9631	1397
9631	8656	1397
8655	8840	1711
8840	8655	1711
8655	9003	1183
9003	8655	1183
8652	8863	1308
8863	8652	1308
8652	9182	1760
9182	8652	1760
8652	9533	0717
9533	8652	0717
8652	9745	0936
9745	8652	0936
8651	9741	1318
9741	8651	1318
8650	8804	1937
8804	8650	1937
8650	9501	1826
9501	8650	1826
8649	8958	1804
8958	8649	1804
8648	8933	0981
8933	8648	0981
8648	8970	1093
8970	8648	1093
8646	8940	1445
8940	8646	1445
8646	9359	0940
9359	8646	0940
8643	9540	0523
9540	8643	0523
8643	9615	1384
9615	8643	1384
8643	9879	1730
9879	8643	1730
8643	9951	1788
9951	8643	1788
8642	9695	1633
9695	8642	1633
8642	9954	1420
9954	8642	1420
8641	8786	1687
8786	8641	1687
8641	9324	1307
9324	8641	1307
8640	8680	1468
8680	8640	1468
8640	8957	1636
8957	8640	1636
8639	9933	1485
9933	8639	1485
8638	9023	1920
9023	8638	1920
8638	9133	1246
9133	8638	1246
8638	9883	1956
9883	8638	1956
8637	9346	1918
9346	8637	1918
8637	9404	1382
9404	8637	1382
8637	9620	0925
9620	8637	0925
8635	9601	1017
9601	8635	1017
8635	9646	1624
9646	8635	1624
8634	8772	1840
8772	8634	1840
8634	8777	1917
8777	8634	1917
8634	9036	0692
9036	8634	0692
8633	8902	0733
8902	8633	0733
8633	9074	0262
9074	8633	0262
8633	9806	1846
9806	8633	1846
8632	9395	1907
9395	8632	1907
8632	9530	1833
9530	8632	1833
8631	9107	1673
9107	8631	1673
8630	9762	1658
9762	8630	1658
8629	8789	1543
8789	8629	1543
8628	9781	1843
9781	8628	1843
8627	9966	1163
9966	8627	1163
8626	9334	1878
9334	8626	1878
8625	9108	1319
9108	8625	1319
8623	9870	1624
9870	8623	1624
8622	9429	1256
9429	8622	1256
8622	9755	0209
9755	8622	0209
8619	8948	1378
8948	8619	1378
8619	9361	0987
9361	8619	0987
8619	9400	1314
9400	8619	1314
8619	9512	1488
9512	8619	1488
8619	9854	1946
9854	8619	1946
8618	9794	0549
9794	8618	0549
8617	8761	1810
8761	8617	1810
8617	9105	1159
9105	8617	1159
8616	9734	1996
9734	8616	1996
8614	9370	1951
9370	8614	1951
8614	9497	0608
9497	8614	0608
8613	9332	0732
9332	8613	0732
8612	9371	1400
9371	8612	1400
8610	9910	0937
9910	8610	0937
8610	9920	1654
9920	8610	1654
8609	9156	0308
9156	8609	0308
8607	8953	1516
8953	8607	1516
8607	9835	0874
9835	8607	0874
8606	8782	0457
8782	8606	0457
8606	9379	0641
9379	8606	0641
8605	8702	1935
8702	8605	1935
8605	8779	0912
8779	8605	0912
8605	9735	1186
9735	8605	1186
8604	8964	1290
8964	8604	1290
8603	8745	1719
8745	8603	1719
8603	9682	1787
9682	8603	1787
8602	9170	1648
9170	8602	1648
8601	9068	0398
9068	8601	0398
8601	9524	1506
9524	8601	1506
8601	9543	0975
9543	8601	0975
8600	9194	1954
9194	8600	1954
8600	9342	0857
9342	8600	0857
8600	9669	0835
9669	8600	0835
8599	8666	1822
8666	8599	1822
8599	8935	0929
8935	8599	0929
8598	9227	1959
9227	8598	1959
8597	9878	1576
9878	8597	1576
8596	9889	1003
9889	8596	1003
8595	9450	0822
9450	8595	0822
8594	9033	1890
9033	8594	1890
8594	9086	1915
9086	8594	1915
8594	9501	0902
9501	8594	0902
8593	9730	1924
9730	8593	1924
8592	9046	1539
9046	8592	1539
8591	8710	1775
8710	8591	1775
8591	8802	1764
8802	8591	1764
8591	8975	1146
8975	8591	1146
8590	8731	0632
8731	8590	0632
8590	9834	1142
9834	8590	1142
8589	9781	1881
9781	8589	1881
8588	9199	1509
9199	8588	1509
8587	9407	0437
9407	8587	0437
8586	8614	0814
8614	8586	0814
8586	9370	1208
9370	8586	1208
8586	9497	0483
9497	8586	0483
8585	9621	0970
9621	8585	0970
8585	9643	1077
9643	8585	1077
8583	9642	1141
9642	8583	1141
8582	8679	1988
8679	8582	1988
8582	9318	0954
9318	8582	0954
8582	9747	1185
9747	8582	1185
8581	9011	1682
9011	8581	1682
8579	9058	1999
9058	8579	1999
8578	8776	0972
8776	8578	0972
8577	9263	0853
9263	8577	0853
8577	9706	0185
9706	8577	0185
8577	9807	1788
9807	8577	1788
8575	9562	1434
9562	8575	1434
8575	9624	1774
9624	8575	1774
8575	9844	1433
9844	8575	1433
8573	9209	1872
9209	8573	1872
8573	9424	0867
9424	8573	0867
8573	9810	0793
9810	8573	0793
8573	9892	1965
9892	8573	1965
8571	9543	1954
9543	8571	1954
8570	9213	1651
9213	8570	1651
8570	9516	0948
9516	8570	0948
8570	9955	1591
9955	8570	1591
8569	8946	1608
8946	8569	1608
8569	9112	0202
9112	8569	0202
8569	9730	1474
9730	8569	1474
8568	8662	1708
8662	8568	1708
8568	9143	0293
9143	8568	0293
8568	9422	1392
9422	8568	1392
8567	8816	1302
8816	8567	1302
8567	9845	1725
9845	8567	1725
8566	8729	1782
8729	8566	1782
8566	9567	1114
9567	8566	1114
8566	9721	0636
9721	8566	0636
8566	9756	1448
9756	8566	1448
8563	9329	0781
9329	8563	0781
8563	9330	1329
9330	8563	1329
8563	9486	1292
9486	8563	1292
8562	9464	1195
9464	8562	1195
8561	8905	1485
8905	8561	1485
8561	9175	0606
9175	8561	0606
8561	9309	1763
9309	8561	1763
8560	9243	0932
9243	8560	0932
8560	9760	1681
9760	8560	1681
8559	8917	0907
8917	8559	0907
8557	8672	1004
8672	8557	1004
8554	9650	1176
9650	8554	1176
8553	9056	0761
9056	8553	0761
8553	9394	0647
9394	8553	0647
8553	9663	0616
9663	8553	0616
8552	8676	1749
8676	8552	1749
8552	8694	1891
8694	8552	1891
8552	8784	0893
8784	8552	0893
8552	8870	0157
8870	8552	0157
8552	9260	1440
9260	8552	1440
8551	8758	1482
8758	8551	1482
8550	9508	1396
9508	8550	1396
8550	9531	0936
9531	8550	0936
8547	8770	0905
8770	8547	0905
8547	9517	1858
9517	8547	1858
8546	9841	0874
9841	8546	0874
8545	8651	1409
8651	8545	1409
8545	9358	1004
9358	8545	1004
8545	9741	1785
9741	8545	1785
8544	8950	1366
8950	8544	1366
8544	9476	0828
9476	8544	0828
8543	9201	1554
9201	8543	1554
8543	9284	1869
9284	8543	1869
8542	8766	0605
8766	8542	0605
8542	8839	0681
8839	8542	0681
8542	8925	0582
8925	8542	0582
8542	9289	0601
9289	8542	0601
8541	8547	1164
8547	8541	1164
8541	8770	0342
8770	8541	0342
8541	9867	1677
9867	8541	1677
8540	8908	0179
8908	8540	0179
8540	9065	1851
9065	8540	1851
8540	9874	0756
9874	8540	0756
8539	8677	1854
8677	8539	1854
8539	9132	0364
9132	8539	0364
8539	9566	1855
9566	8539	1855
8539	9873	1036
9873	8539	1036
8536	8558	0838
8558	8536	0838
8535	9916	1847
9916	8535	1847
8530	8613	1545
8613	8530	1545
8529	9383	1076
9383	8529	1076
8528	9089	1542
9089	8528	1542
8528	9619	0410
9619	8528	0410
8528	9946	1832
9946	8528	1832
8527	8676	0391
8676	8527	0391
8527	8870	1952
8870	8527	1952
8526	9602	1361
9602	8526	1361
8524	9405	0784
9405	8524	0784
8523	8593	1211
8593	8523	1211
8523	9084	1627
9084	8523	1627
8522	9398	0812
9398	8522	0812
8521	8606	0721
8606	8521	0721
8521	8782	0509
8782	8521	0509
8521	9379	1346
9379	8521	1346
8519	9654	1389
9654	8519	1389
8518	8844	1216
8844	8518	1216
8517	8612	1621
8612	8517	1621
8517	8952	1735
8952	8517	1735
8517	9475	1864
9475	8517	1864
8515	8785	1886
8785	8515	1886
8515	8948	1889
8948	8515	1889
8515	9361	1297
9361	8515	1297
8515	9519	0865
9519	8515	0865
8515	9767	1994
9767	8515	1994
8514	8819	1779
8819	8514	1779
8514	9017	0507
9017	8514	0507
8513	9121	1597
9121	8513	1597
8513	9226	1765
9226	8513	1765
8513	9395	1557
9395	8513	1557
8512	8988	0996
8988	8512	0996
8512	9973	1289
9973	8512	1289
8511	8733	1860
8733	8511	1860
8511	9150	0779
9150	8511	0779
8511	9628	0844
9628	8511	0844
8511	9938	0491
9938	8511	0491
8510	8665	1414
8665	8510	1414
8510	9079	1329
9079	8510	1329
8510	9274	1664
9274	8510	1664
8510	9797	1936
9797	8510	1936
8510	9863	1543
9863	8510	1543
8509	9172	1104
9172	8509	1104
8509	9492	1975
9492	8509	1975
8508	8945	1286
8945	8508	1286
8508	9710	0782
9710	8508	0782
8507	9196	1522
9196	8507	1522
8506	9856	1583
9856	8506	1583
8505	9325	1301
9325	8505	1301
8504	8539	1987
8539	8504	1987
8504	8983	1717
8983	8504	1717
8504	9132	1772
9132	8504	1772
8503	9514	0622
9514	8503	0622
8503	9795	1269
9795	8503	1269
8502	8512	1747
8512	8502	1747
8502	8988	0939
8988	8502	0939
8502	9128	1636
9128	8502	1636
8501	9294	0907
